%%MatrixMarket matrix coordinate real general
537 537 19241
1 1  2.9333333333333e-01
2 1  1.1259259259259e-01
4 1 -6.5185185185185e-02
5 1  1.0370370370371e-02
6 1 -1.1851851851853e-02
9 1  1.4814814814816e-03
10 1 -8.1851851851850e-02
11 1 -4.5185185185184e-02
13 1  2.1481481481481e-02
18 1 -5.7962962962961e-02
19 1 -3.1111111111110e-02
22 1  1.5000000000000e-02
37 1  2.7777777777777e-02
38 1  2.3148148148147e-03
39 1 -1.5525775109992e-16
40 1  3.4722222222221e-03
80 1 -4.0740740740740e-02
81 1 -1.1851851851851e-02
84 1  8.1481481481481e-03
94 1  2.4537037037036e-02
95 1  1.3333333333333e-02
98 1 -6.3888888888888e-03
1 2  1.1259259259259e-01
2 2  1.1377777777777e+00
4 2  1.1259259259259e-01
5 2 -1.1851851851852e-02
6 2  2.3703703703691e-02
9 2 -1.1851851851854e-02
10 2 -4.5185185185184e-02
11 2 -3.3185185185184e-01
13 2 -4.5185185185185e-02
18 2 -3.1111111111110e-02
19 2 -2.3407407407407e-01
22 2 -3.1111111111111e-02
37 2  1.1111111111111e-01
38 2  9.2592592592591e-03
39 2  5.5555555555555e-02
40 2  1.3888888888889e-02
80 2 -1.1851851851852e-02
81 2 -1.5407407407407e-01
84 2 -1.1851851851852e-02
94 2  1.3333333333333e-02
95 2  9.9259259259256e-02
98 2  1.3333333333333e-02
3 3  1.1377777777777e+00
7 3  2.3703703703691e-02
12 3 -3.3185185185184e-01
20 3 -2.3407407407407e-01
37 3  1.3704315460217e-16
38 3  9.5409791178724e-18
39 3  9.2592592592589e-03
40 3  1.5178830414797e-17
82 3 -1.5407407407407e-01
96 3  9.9259259259256e-02
1 4 -6.5185185185185e-02
2 4  1.1259259259259e-01
4 4  2.9333333333333e-01
5 4  1.4814814814811e-03
6 4 -1.1851851851851e-02
9 4  1.0370370370372e-02
10 4  2.1481481481481e-02
11 4 -4.5185185185185e-02
13 4 -8.1851851851852e-02
18 4  1.5000000000000e-02
19 4 -3.1111111111111e-02
22 4 -5.7962962962963e-02
37 4  2.7777777777777e-02
38 4  2.3148148148147e-03
39 4  2.7777777777777e-02
40 4  3.4722222222221e-03
80 4  8.1481481481481e-03
81 4 -1.1851851851852e-02
84 4 -4.0740740740741e-02
94 4 -6.3888888888888e-03
95 4  1.3333333333333e-02
98 4  2.4537037037037e-02
1 5  1.0370370370371e-02
2 5 -1.1851851851852e-02
4 5  1.4814814814811e-03
5 5  1.0311111111111e+00
6 5  3.7925925925925e-01
9 5 -2.2518518518518e-01
10 5 -5.7962962962962e-02
11 5 -3.1111111111110e-02
13 5  1.5000000000000e-02
18 5 -3.4518518518518e-01
19 5 -1.8962962962963e-01
22 5  9.0370370370367e-02
37 5  3.7816971776294e-16
38 5  9.2592592592589e-03
39 5  4.5102810375397e-17
40 5  1.0408340855861e-17
80 5  1.0370370370370e-02
81 5 -1.1851851851853e-02
84 5  1.4814814814811e-03
94 5 -5.7962962962960e-02
95 5 -3.1111111111109e-02
98 5  1.4999999999999e-02
1 6 -1.1851851851853e-02
2 6  2.3703703703691e-02
4 6 -1.1851851851851e-02
5 6  3.7925925925925e-01
6 6  3.9822222222222e+00
9 6  3.7925925925925e-01
10 6 -3.1111111111110e-02
11 6 -2.3407407407406e-01
13 6 -3.1111111111111e-02
18 6 -1.8962962962963e-01
19 6 -1.3985185185185e+00
22 6 -1.8962962962962e-01
37 6  7.6327832942980e-16
38 6  3.7037037037036e-02
39 6 -2.9143354396410e-16
40 6  6.2450045135165e-17
80 6 -1.1851851851852e-02
81 6  2.3703703703697e-02
84 6 -1.1851851851850e-02
94 6 -3.1111111111110e-02
95 6 -2.3407407407406e-01
98 6 -3.1111111111110e-02
3 7  2.3703703703691e-02
7 7  3.9822222222222e+00
12 7 -2.3407407407406e-01
20 7 -1.3985185185185e+00
37 7  1.6653345369377e-16
38 7 -3.8163916471490e-17
39 7  3.7037037037036e-02
40 7 -2.9490299091606e-17
82 7  2.3703703703697e-02
96 7 -2.3407407407406e-01
8 8  3.9822222222222e+00
21 8 -1.3985185185185e+00
37 8 -4.4408920985006e-16
38 8 -6.9388939039072e-17
39 8 -3.8857805861880e-16
40 8  3.7037037037036e-02
83 8  2.3703703703697e-02
97 8 -2.3407407407406e-01
1 9  1.4814814814816e-03
2 9 -1.1851851851854e-02
4 9  1.0370370370372e-02
5 9 -2.2518518518518e-01
6 9  3.7925925925925e-01
9 9  1.0311111111111e+00
10 9  1.5000000000000e-02
11 9 -3.1111111111110e-02
13 9 -5.7962962962962e-02
18 9  9.0370370370370e-02
19 9 -1.8962962962963e-01
22 9 -3.4518518518518e-01
37 9 -3.8857805861880e-16
38 9  9.2592592592589e-03
39 9 -1.6653345369377e-16
40 9 -2.7755575615629e-17
80 9  1.4814814814818e-03
81 9 -1.1851851851854e-02
84 9  1.0370370370371e-02
94 9  1.5000000000000e-02
95 9 -3.1111111111111e-02
98 9 -5.7962962962961e-02
1 10 -8.1851851851850e-02
2 10 -4.5185185185184e-02
4 10  2.1481481481481e-02
5 10 -5.7962962962962e-02
6 10 -3.1111111111110e-02
9 10  1.5000000000000e-02
10 10  2.1777777777777e-01
11 10  9.1851851851850e-02
13 10 -5.0370370370370e-02
14 10 -8.1851851851850e-02
15 10 -4.5185185185184e-02
17 10  2.1481481481482e-02
18 10  4.0740740740740e-02
19 10  1.1851851851852e-02
22 10 -8.1481481481483e-03
23 10 -5.7962962962962e-02
24 10 -3.1111111111111e-02
27 10  1.5000000000000e-02
28 10  5.3703703703697e-03
29 10  4.8148148148145e-03
31 10 -1.8518518518518e-03
36 10  1.1203703703703e-02
37 10  6.9444444444443e-03
38 10  5.7870370370369e-04
39 10 -1.8214596497756e-17
40 10  1.7361111111110e-03
41 10  6.9444444444443e-03
42 10  5.7870370370368e-04
43 10 -6.5052130349130e-18
44 10  1.7361111111110e-03
45 10  6.6666666666664e-03
48 10 -3.0555555555556e-03
80 10  2.4537037037037e-02
81 10  1.3333333333333e-02
84 10 -6.3888888888888e-03
94 10 -3.8148148148148e-02
95 10 -1.4814814814815e-02
98 10  8.5185185185186e-03
99 10  2.4537037037037e-02
100 10  1.3333333333333e-02
103 10 -6.3888888888889e-03
118 10 -3.3796296296294e-03
119 10 -2.2222222222221e-03
122 10  9.7222222222220e-04
1 11 -4.5185185185184e-02
2 11 -3.3185185185184e-01
4 11 -4.5185185185185e-02
5 11 -3.1111111111110e-02
6 11 -2.3407407407406e-01
9 11 -3.1111111111110e-02
10 11  9.1851851851850e-02
11 11  8.5333333333332e-01
13 11  9.1851851851851e-02
14 11 -4.5185185185183e-02
15 11 -3.3185185185185e-01
17 11 -4.5185185185187e-02
18 11  1.1851851851852e-02
19 11  1.5407407407407e-01
22 11  1.1851851851853e-02
23 11 -3.1111111111110e-02
24 11 -2.3407407407407e-01
27 11 -3.1111111111111e-02
28 11  4.8148148148143e-03
29 11  2.3703703703703e-02
31 11  4.8148148148150e-03
36 11  6.6666666666662e-03
37 11  2.7777777777777e-02
38 11  2.3148148148147e-03
39 11  1.3888888888888e-02
40 11  6.9444444444442e-03
41 11  2.7777777777777e-02
42 11  2.3148148148147e-03
43 11  1.3888888888889e-02
44 11  6.9444444444443e-03
45 11  4.5925925925925e-02
48 11  6.6666666666669e-03
80 11  1.3333333333333e-02
81 11  9.9259259259259e-02
84 11  1.3333333333333e-02
94 11 -1.4814814814815e-02
95 11 -1.4814814814815e-01
98 11 -1.4814814814815e-02
99 11  1.3333333333333e-02
100 11  9.9259259259259e-02
103 11  1.3333333333334e-02
118 11 -2.2222222222221e-03
119 11 -1.4074074074074e-02
122 11 -2.2222222222222e-03
3 12 -3.3185185185184e-01
7 12 -2.3407407407406e-01
12 12  8.5333333333332e-01
16 12 -3.3185185185185e-01
20 12  1.5407407407407e-01
25 12 -2.3407407407407e-01
30 12  2.3703703703703e-02
37 12 -3.4694469519536e-18
38 12 -8.6736173798840e-19
39 12  2.3148148148147e-03
40 12 -8.6736173798840e-19
41 12 -8.8037216405823e-17
42 12 -1.6263032587283e-18
43 12  2.3148148148147e-03
44 12 -8.8904578143811e-18
46 12  4.5925925925925e-02
82 12  9.9259259259259e-02
96 12 -1.4814814814815e-01
101 12  9.9259259259259e-02
120 12 -1.4074074074074e-02
1 13  2.1481481481481e-02
2 13 -4.5185185185185e-02
4 13 -8.1851851851852e-02
5 13  1.5000000000000e-02
6 13 -3.1111111111111e-02
9 13 -5.7962962962962e-02
10 13 -5.0370370370370e-02
11 13  9.1851851851851e-02
13 13  2.1777777777777e-01
14 13  2.1481481481481e-02
15 13 -4.5185185185184e-02
17 13 -8.1851851851852e-02
18 13 -8.1481481481484e-03
19 13  1.1851851851854e-02
22 13  4.0740740740742e-02
23 13  1.5000000000000e-02
24 13 -3.1111111111110e-02
27 13 -5.7962962962962e-02
28 13 -1.8518518518517e-03
29 13  4.8148148148146e-03
31 13  5.3703703703704e-03
36 13 -3.0555555555554e-03
37 13  6.9444444444441e-03
38 13  5.7870370370367e-04
39 13  6.9444444444441e-03
40 13  1.7361111111110e-03
41 13  6.9444444444440e-03
42 13  5.7870370370366e-04
43 13  6.9444444444441e-03
44 13  1.7361111111110e-03
45 13  6.6666666666665e-03
48 13  1.1203703703704e-02
80 13 -6.3888888888888e-03
81 13  1.3333333333333e-02
84 13  2.4537037037037e-02
94 13  8.5185185185186e-03
95 13 -1.4814814814815e-02
98 13 -3.8148148148148e-02
99 13 -6.3888888888888e-03
100 13  1.3333333333333e-02
103 13  2.4537037037037e-02
118 13  9.7222222222219e-04
119 13 -2.2222222222221e-03
122 13 -3.3796296296295e-03
10 14 -8.1851851851850e-02
11 14 -4.5185185185183e-02
13 14  2.1481481481481e-02
14 14  2.9333333333333e-01
15 14  1.1259259259259e-01
17 14 -6.5185185185185e-02
18 14 -5.7962962962961e-02
19 14 -3.1111111111110e-02
22 14  1.5000000000000e-02
23 14  1.0370370370371e-02
24 14 -1.1851851851853e-02
27 14  1.4814814814818e-03
28 14 -8.1851851851848e-02
29 14 -4.5185185185183e-02
31 14  2.1481481481481e-02
36 14 -5.7962962962961e-02
41 14  2.7777777777777e-02
42 14  2.3148148148147e-03
43 14 -1.3877787807815e-16
44 14  1.0416666666666e-02
45 14 -3.1111111111110e-02
48 14  1.5000000000000e-02
94 14  2.4537037037036e-02
95 14  1.3333333333333e-02
98 14 -6.3888888888888e-03
99 14 -4.0740740740739e-02
100 14 -1.1851851851851e-02
103 14  8.1481481481481e-03
118 14  2.4537037037036e-02
119 14  1.3333333333333e-02
122 14 -6.3888888888887e-03
10 15 -4.5185185185184e-02
11 15 -3.3185185185185e-01
13 15 -4.5185185185184e-02
14 15  1.1259259259259e-01
15 15  1.1377777777777e+00
17 15  1.1259259259259e-01
18 15 -3.1111111111110e-02
19 15 -2.3407407407406e-01
22 15 -3.1111111111110e-02
23 15 -1.1851851851852e-02
24 15  2.3703703703701e-02
27 15 -1.1851851851853e-02
28 15 -4.5185185185183e-02
29 15 -3.3185185185184e-01
31 15 -4.5185185185183e-02
36 15 -3.1111111111110e-02
41 15  1.1111111111111e-01
42 15  9.2592592592591e-03
43 15  5.5555555555555e-02
44 15  4.1666666666666e-02
45 15 -2.3407407407406e-01
48 15 -3.1111111111111e-02
94 15  1.3333333333333e-02
95 15  9.9259259259257e-02
98 15  1.3333333333333e-02
99 15 -1.1851851851851e-02
100 15 -1.5407407407407e-01
103 15 -1.1851851851852e-02
118 15  1.3333333333333e-02
119 15  9.9259259259255e-02
122 15  1.3333333333333e-02
12 16 -3.3185185185185e-01
16 16  1.1377777777777e+00
20 16 -2.3407407407406e-01
25 16  2.3703703703701e-02
30 16 -3.3185185185184e-01
41 16  1.2836953722228e-16
42 16  1.5612511283791e-17
43 16  9.2592592592590e-03
44 16  7.4593109467003e-17
46 16 -2.3407407407406e-01
96 16  9.9259259259257e-02
101 16 -1.5407407407407e-01
120 16  9.9259259259255e-02
10 17  2.1481481481482e-02
11 17 -4.5185185185187e-02
13 17 -8.1851851851852e-02
14 17 -6.5185185185185e-02
15 17  1.1259259259259e-01
17 17  2.9333333333333e-01
18 17  1.5000000000000e-02
19 17 -3.1111111111111e-02
22 17 -5.7962962962962e-02
23 17  1.4814814814812e-03
24 17 -1.1851851851850e-02
27 17  1.0370370370373e-02
28 17  2.1481481481481e-02
29 17 -4.5185185185183e-02
31 17 -8.1851851851849e-02
36 17  1.5000000000000e-02
41 17  2.7777777777777e-02
42 17  2.3148148148147e-03
43 17  2.7777777777776e-02
44 17  1.0416666666666e-02
45 17 -3.1111111111111e-02
48 17 -5.7962962962963e-02
94 17 -6.3888888888888e-03
95 17  1.3333333333333e-02
98 17  2.4537037037037e-02
99 17  8.1481481481480e-03
100 17 -1.1851851851852e-02
103 17 -4.0740740740741e-02
118 17 -6.3888888888887e-03
119 17  1.3333333333333e-02
122 17  2.4537037037036e-02
1 18 -5.7962962962961e-02
2 18 -3.1111111111110e-02
4 18  1.5000000000000e-02
5 18 -3.4518518518518e-01
6 18 -1.8962962962963e-01
9 18  9.0370370370370e-02
10 18  4.0740740740740e-02
11 18  1.1851851851852e-02
13 18 -8.1481481481484e-03
14 18 -5.7962962962961e-02
15 18 -3.1111111111110e-02
17 18  1.5000000000000e-02
18 18  7.9999999999999e-01
19 18  3.3185185185185e-01
22 18 -1.8370370370370e-01
23 18 -3.4518518518518e-01
24 18 -1.8962962962963e-01
27 18  9.0370370370370e-02
28 18  1.1203703703703e-02
29 18  6.6666666666663e-03
31 18 -3.0555555555554e-03
36 18  3.0370370370370e-02
37 18 -4.8572257327351e-17
38 18  2.3148148148147e-03
40 18 -1.7347234759768e-17
41 18  7.8929918156945e-17
42 18  2.3148148148147e-03
43 18 -4.7704895589362e-18
44 18  4.9005938196345e-17
45 18  2.3703703703703e-02
48 18 -9.6296296296296e-03
80 18 -5.7962962962963e-02
81 18 -3.1111111111111e-02
84 18  1.5000000000000e-02
94 18  4.0740740740740e-02
95 18  1.1851851851852e-02
98 18 -8.1481481481481e-03
99 18 -5.7962962962962e-02
100 18 -3.1111111111110e-02
103 18  1.5000000000000e-02
118 18  1.1203703703703e-02
119 18  6.6666666666663e-03
122 18 -3.0555555555554e-03
1 19 -3.1111111111110e-02
2 19 -2.3407407407407e-01
4 19 -3.1111111111111e-02
5 19 -1.8962962962963e-01
6 19 -1.3985185185185e+00
9 19 -1.8962962962963e-01
10 19  1.1851851851852e-02
11 19  1.5407407407407e-01
13 19  1.1851851851854e-02
14 19 -3.1111111111110e-02
15 19 -2.3407407407406e-01
17 19 -3.1111111111111e-02
18 19  3.3185185185185e-01
19 19  3.1288888888889e+00
22 19  3.3185185185185e-01
23 19 -1.8962962962962e-01
24 19 -1.3985185185186e+00
27 19 -1.8962962962963e-01
28 19  6.6666666666663e-03
29 19  4.5925925925924e-02
31 19  6.6666666666665e-03
36 19  2.3703703703703e-02
37 19  1.9428902930940e-16
38 19  9.2592592592590e-03
39 19  1.1102230246252e-16
40 19  1.3877787807814e-17
41 19  4.1633363423443e-16
42 19  9.2592592592589e-03
43 19  2.3939183968480e-16
44 19  9.1940344226771e-17
45 19  1.3037037037037e-01
48 19  2.3703703703704e-02
80 19 -3.1111111111111e-02
81 19 -2.3407407407407e-01
84 19 -3.1111111111111e-02
94 19  1.1851851851852e-02
95 19  1.5407407407407e-01
98 19  1.1851851851852e-02
99 19 -3.1111111111111e-02
100 19 -2.3407407407407e-01
103 19 -3.1111111111110e-02
118 19  6.6666666666664e-03
119 19  4.5925925925925e-02
122 19  6.6666666666663e-03
3 20 -2.3407407407407e-01
7 20 -1.3985185185185e+00
12 20  1.5407407407407e-01
16 20 -2.3407407407406e-01
20 20  3.1288888888889e+00
25 20 -1.3985185185186e+00
30 20  4.5925925925924e-02
37 20 -1.6653345369377e-16
38 20 -2.7755575615629e-17
39 20  9.2592592592589e-03
40 20 -2.4286128663675e-17
41 20 -1.8388068845354e-16
42 20 -3.9031278209478e-17
43 20  9.2592592592587e-03
44 20  6.0715321659188e-18
46 20  1.3037037037037e-01
82 20 -2.3407407407407e-01
96 20  1.5407407407407e-01
101 20 -2.3407407407407e-01
120 20  4.5925925925925e-02
8 21 -1.3985185185185e+00
21 21  3.1288888888889e+00
26 21 -1.3985185185186e+00
37 21 -2.2222222222222e-01
38 21 -5.5555555555555e-02
39 21 -1.1111111111111e-01
40 21 -4.6296296296296e-02
41 21  2.2222222222222e-01
42 21  5.5555555555555e-02
43 21  1.1111111111111e-01
44 21  6.4814814814814e-02
47 21  1.3037037037037e-01
83 21 -2.3407407407407e-01
97 21  1.5407407407407e-01
102 21 -2.3407407407407e-01
121 21  4.5925925925925e-02
1 22  1.5000000000000e-02
2 22 -3.1111111111111e-02
4 22 -5.7962962962963e-02
5 22  9.0370370370367e-02
6 22 -1.8962962962962e-01
9 22 -3.4518518518518e-01
10 22 -8.1481481481483e-03
11 22  1.1851851851853e-02
13 22  4.0740740740742e-02
14 22  1.5000000000000e-02
15 22 -3.1111111111110e-02
17 22 -5.7962962962962e-02
18 22 -1.8370370370370e-01
19 22  3.3185185185185e-01
22 22  7.9999999999998e-01
23 22  9.0370370370368e-02
24 22 -1.8962962962963e-01
27 22 -3.4518518518518e-01
28 22 -3.0555555555554e-03
29 22  6.6666666666665e-03
31 22  1.1203703703703e-02
36 22 -9.6296296296295e-03
37 22  5.5511151231258e-17
38 22  2.3148148148147e-03
40 22  1.3877787807814e-17
41 22 -3.4694469519536e-17
42 22  2.3148148148147e-03
43 22 -6.9388939039072e-18
44 22 -1.0408340855861e-17
45 22  2.3703703703704e-02
48 22  3.0370370370370e-02
80 22  1.5000000000000e-02
81 22 -3.1111111111110e-02
84 22 -5.7962962962962e-02
94 22 -8.1481481481481e-03
95 22  1.1851851851851e-02
98 22  4.0740740740740e-02
99 22  1.5000000000000e-02
100 22 -3.1111111111110e-02
103 22 -5.7962962962962e-02
118 22 -3.0555555555554e-03
119 22  6.6666666666664e-03
122 22  1.1203703703703e-02
10 23 -5.7962962962962e-02
11 23 -3.1111111111110e-02
13 23  1.5000000000000e-02
14 23  1.0370370370371e-02
15 23 -1.1851851851852e-02
17 23  1.4814814814812e-03
18 23 -3.4518518518518e-01
19 23 -1.8962962962962e-01
22 23  9.0370370370368e-02
23 23  1.0311111111111e+00
24 23  3.7925925925925e-01
27 23 -2.2518518518518e-01
28 23 -5.7962962962962e-02
29 23 -3.1111111111110e-02
31 23  1.5000000000000e-02
36 23 -3.4518518518518e-01
41 23  1.3877787807815e-16
42 23  9.2592592592590e-03
43 23  1.7347234759768e-17
44 23  2.2377932840101e-16
45 23 -1.8962962962963e-01
48 23  9.0370370370367e-02
94 23 -5.7962962962961e-02
95 23 -3.1111111111110e-02
98 23  1.5000000000000e-02
99 23  1.0370370370369e-02
100 23 -1.1851851851853e-02
103 23  1.4814814814815e-03
118 23 -5.7962962962959e-02
119 23 -3.1111111111109e-02
122 23  1.4999999999999e-02
10 24 -3.1111111111111e-02
11 24 -2.3407407407407e-01
13 24 -3.1111111111110e-02
14 24 -1.1851851851853e-02
15 24  2.3703703703701e-02
17 24 -1.1851851851850e-02
18 24 -1.8962962962963e-01
19 24 -1.3985185185186e+00
22 24 -1.8962962962963e-01
23 24  3.7925925925925e-01
24 24  3.9822222222222e+00
27 24  3.7925925925925e-01
28 24 -3.1111111111110e-02
29 24 -2.3407407407407e-01
31 24 -3.1111111111110e-02
36 24 -1.8962962962963e-01
41 24  6.6613381477509e-16
42 24  3.7037037037036e-02
43 24  1.6653345369377e-16
44 24 -4.8572257327351e-17
45 24 -1.3985185185185e+00
48 24 -1.8962962962962e-01
94 24 -3.1111111111110e-02
95 24 -2.3407407407407e-01
98 24 -3.1111111111110e-02
99 24 -1.1851851851852e-02
100 24  2.3703703703706e-02
103 24 -1.1851851851851e-02
118 24 -3.1111111111110e-02
119 24 -2.3407407407406e-01
122 24 -3.1111111111110e-02
12 25 -2.3407407407407e-01
16 25  2.3703703703701e-02
20 25 -1.3985185185186e+00
25 25  3.9822222222222e+00
30 25 -2.3407407407407e-01
41 25  3.5388358909927e-16
42 25  3.4694469519536e-17
43 25  3.7037037037036e-02
44 25  8.3266726846887e-17
46 25 -1.3985185185185e+00
96 25 -2.3407407407407e-01
101 25  2.3703703703706e-02
120 25 -2.3407407407406e-01
21 26 -1.3985185185186e+00
26 26  3.9822222222222e+00
41 26 -1.6653345369377e-16
42 26 -9.7144514654701e-17
43 26 -1.3877787807815e-16
44 26  3.7037037037036e-02
47 26 -1.3985185185185e+00
97 26 -2.3407407407407e-01
102 26  2.3703703703706e-02
121 26 -2.3407407407406e-01
10 27  1.5000000000000e-02
11 27 -3.1111111111111e-02
13 27 -5.7962962962962e-02
14 27  1.4814814814818e-03
15 27 -1.1851851851853e-02
17 27  1.0370370370373e-02
18 27  9.0370370370370e-02
19 27 -1.8962962962963e-01
22 27 -3.4518518518518e-01
23 27 -2.2518518518518e-01
24 27  3.7925925925925e-01
27 27  1.0311111111111e+00
28 27  1.5000000000000e-02
29 27 -3.1111111111110e-02
31 27 -5.7962962962962e-02
36 27  9.0370370370370e-02
41 27 -1.6653345369377e-16
42 27  9.2592592592589e-03
43 27  5.5511151231258e-17
44 27 -1.1102230246252e-16
45 27 -1.8962962962963e-01
48 27 -3.4518518518518e-01
94 27  1.5000000000000e-02
95 27 -3.1111111111110e-02
98 27 -5.7962962962962e-02
99 27  1.4814814814819e-03
100 27 -1.1851851851854e-02
103 27  1.0370370370371e-02
118 27  1.4999999999999e-02
119 27 -3.1111111111110e-02
122 27 -5.7962962962960e-02
10 28  5.3703703703697e-03
11 28  4.8148148148143e-03
13 28 -1.8518518518517e-03
14 28 -8.1851851851848e-02
15 28 -4.5185185185183e-02
17 28  2.1481481481481e-02
18 28  1.1203703703703e-02
19 28  6.6666666666663e-03
22 28 -3.0555555555554e-03
23 28 -5.7962962962962e-02
24 28 -3.1111111111110e-02
27 28  1.5000000000000e-02
28 28  2.1777777777777e-01
29 28  9.1851851851848e-02
31 28 -5.0370370370369e-02
32 28 -8.1851851851848e-02
33 28 -4.5185185185182e-02
35 28  2.1481481481481e-02
36 28  4.0740740740738e-02
41 28  6.9444444444443e-03
42 28  5.7870370370367e-04
43 28 -2.5153490401664e-17
44 28  3.4722222222221e-03
45 28  1.1851851851850e-02
48 28 -8.1481481481477e-03
49 28 -5.7962962962960e-02
50 28 -3.1111111111110e-02
53 28  6.9444444444445e-03
54 28  5.7870370370368e-04
55 28 -2.0491421059976e-17
56 28  3.4722222222221e-03
57 28  1.5000000000000e-02
58 28  5.3703703703692e-03
59 28  4.8148148148141e-03
61 28 -1.8518518518517e-03
66 28  1.1203703703703e-02
67 28  6.6666666666664e-03
70 28 -3.0555555555556e-03
94 28 -3.3796296296295e-03
95 28 -2.2222222222221e-03
98 28  9.7222222222219e-04
99 28  2.4537037037036e-02
100 28  1.3333333333333e-02
103 28 -6.3888888888887e-03
118 28 -3.8148148148147e-02
119 28 -1.4814814814814e-02
122 28  8.5185185185182e-03
123 28  2.4537037037036e-02
124 28  1.3333333333333e-02
127 28 -6.3888888888888e-03
142 28 -3.3796296296293e-03
143 28 -2.2222222222221e-03
146 28  9.7222222222218e-04
10 29  4.8148148148145e-03
11 29  2.3703703703703e-02
13 29  4.8148148148146e-03
14 29 -4.5185185185183e-02
15 29 -3.3185185185184e-01
17 29 -4.5185185185183e-02
18 29  6.6666666666663e-03
19 29  4.5925925925924e-02
22 29  6.6666666666665e-03
23 29 -3.1111111111110e-02
24 29 -2.3407407407407e-01
27 29 -3.1111111111110e-02
28 29  9.1851851851848e-02
29 29  8.5333333333332e-01
31 29  9.1851851851850e-02
32 29 -4.5185185185182e-02
33 29 -3.3185185185184e-01
35 29 -4.5185185185187e-02
36 29  1.1851851851850e-02
41 29  2.7777777777777e-02
42 29  2.3148148148148e-03
43 29  1.3888888888889e-02
44 29  1.3888888888889e-02
45 29  1.5407407407406e-01
48 29  1.1851851851852e-02
49 29 -3.1111111111109e-02
50 29 -2.3407407407407e-01
53 29  2.7777777777778e-02
54 29  2.3148148148148e-03
55 29  1.3888888888889e-02
56 29  1.3888888888889e-02
57 29 -3.1111111111113e-02
58 29  4.8148148148140e-03
59 29  2.3703703703702e-02
61 29  4.8148148148152e-03
66 29  6.6666666666662e-03
67 29  4.5925925925924e-02
70 29  6.6666666666671e-03
94 29 -2.2222222222221e-03
95 29 -1.4074074074074e-02
98 29 -2.2222222222221e-03
99 29  1.3333333333333e-02
100 29  9.9259259259259e-02
103 29  1.3333333333333e-02
118 29 -1.4814814814814e-02
119 29 -1.4814814814815e-01
122 29 -1.4814814814814e-02
123 29  1.3333333333333e-02
124 29  9.9259259259259e-02
127 29  1.3333333333333e-02
142 29 -2.2222222222221e-03
143 29 -1.4074074074074e-02
146 29 -2.2222222222221e-03
12 30  2.3703703703703e-02
16 30 -3.3185185185184e-01
20 30  4.5925925925924e-02
25 30 -2.3407407407407e-01
30 30  8.5333333333332e-01
34 30 -3.3185185185184e-01
41 30  5.8980598183211e-17
42 30  4.3368086899420e-18
43 30  2.3148148148148e-03
44 30  2.1684043449710e-17
46 30  1.5407407407406e-01
51 30 -2.3407407407407e-01
53 30 -2.8839777788114e-16
54 30 -2.6020852139652e-17
55 30  2.3148148148146e-03
56 30 -1.4853569763051e-16
60 30  2.3703703703702e-02
68 30  4.5925925925924e-02
96 30 -1.4074074074074e-02
101 30  9.9259259259259e-02
120 30 -1.4814814814815e-01
125 30  9.9259259259259e-02
144 30 -1.4074074074074e-02
10 31 -1.8518518518518e-03
11 31  4.8148148148150e-03
13 31  5.3703703703704e-03
14 31  2.1481481481481e-02
15 31 -4.5185185185183e-02
17 31 -8.1851851851849e-02
18 31 -3.0555555555554e-03
19 31  6.6666666666665e-03
22 31  1.1203703703703e-02
23 31  1.5000000000000e-02
24 31 -3.1111111111110e-02
27 31 -5.7962962962962e-02
28 31 -5.0370370370369e-02
29 31  9.1851851851850e-02
31 31  2.1777777777777e-01
32 31  2.1481481481481e-02
33 31 -4.5185185185184e-02
35 31 -8.1851851851853e-02
36 31 -8.1481481481479e-03
41 31  6.9444444444442e-03
42 31  5.7870370370366e-04
43 31  6.9444444444442e-03
44 31  3.4722222222221e-03
45 31  1.1851851851853e-02
48 31  4.0740740740740e-02
49 31  1.5000000000000e-02
50 31 -3.1111111111111e-02
53 31  6.9444444444443e-03
54 31  5.7870370370370e-04
55 31  6.9444444444443e-03
56 31  3.4722222222221e-03
57 31 -5.7962962962964e-02
58 31 -1.8518518518517e-03
59 31  4.8148148148147e-03
61 31  5.3703703703705e-03
66 31 -3.0555555555555e-03
67 31  6.6666666666667e-03
70 31  1.1203703703704e-02
94 31  9.7222222222219e-04
95 31 -2.2222222222221e-03
98 31 -3.3796296296295e-03
99 31 -6.3888888888887e-03
100 31  1.3333333333333e-02
103 31  2.4537037037036e-02
118 31  8.5185185185183e-03
119 31 -1.4814814814814e-02
122 31 -3.8148148148147e-02
123 31 -6.3888888888887e-03
124 31  1.3333333333333e-02
127 31  2.4537037037036e-02
142 31  9.7222222222217e-04
143 31 -2.2222222222221e-03
146 31 -3.3796296296294e-03
28 32 -8.1851851851848e-02
29 32 -4.5185185185182e-02
31 32  2.1481481481481e-02
32 32  2.9333333333332e-01
33 32  1.1259259259259e-01
35 32 -6.5185185185185e-02
36 32 -5.7962962962960e-02
45 32 -3.1111111111109e-02
48 32  1.4999999999999e-02
49 32  1.0370370370369e-02
50 32 -1.1851851851854e-02
53 32  2.7777777777777e-02
54 32  2.3148148148147e-03
55 32 -1.3877787807815e-16
56 32  1.7361111111111e-02
57 32  1.4814814814821e-03
58 32 -8.1851851851848e-02
59 32 -4.5185185185183e-02
61 32  2.1481481481481e-02
66 32 -5.7962962962961e-02
67 32 -3.1111111111110e-02
70 32  1.5000000000000e-02
118 32  2.4537037037036e-02
119 32  1.3333333333333e-02
122 32 -6.3888888888887e-03
123 32 -4.0740740740738e-02
124 32 -1.1851851851851e-02
127 32  8.1481481481479e-03
142 32  2.4537037037036e-02
143 32  1.3333333333333e-02
146 32 -6.3888888888887e-03
28 33 -4.5185185185182e-02
29 33 -3.3185185185184e-01
31 33 -4.5185185185184e-02
32 33  1.1259259259259e-01
33 33  1.1377777777777e+00
35 33  1.1259259259259e-01
36 33 -3.1111111111109e-02
45 33 -2.3407407407406e-01
48 33 -3.1111111111110e-02
49 33 -1.1851851851854e-02
50 33  2.3703703703702e-02
53 33  1.1111111111111e-01
54 33  9.2592592592590e-03
55 33  5.5555555555554e-02
56 33  6.9444444444442e-02
57 33 -1.1851851851853e-02
58 33 -4.5185185185183e-02
59 33 -3.3185185185184e-01
61 33 -4.5185185185184e-02
66 33 -3.1111111111110e-02
67 33 -2.3407407407406e-01
70 33 -3.1111111111111e-02
118 33  1.3333333333333e-02
119 33  9.9259259259255e-02
122 33  1.3333333333333e-02
123 33 -1.1851851851851e-02
124 33 -1.5407407407407e-01
127 33 -1.1851851851852e-02
142 33  1.3333333333333e-02
143 33  9.9259259259256e-02
146 33  1.3333333333333e-02
30 34 -3.3185185185184e-01
34 34  1.1377777777777e+00
46 34 -2.3407407407406e-01
51 34  2.3703703703702e-02
53 34  2.2724877535296e-16
54 34  3.0357660829594e-17
55 34  9.2592592592590e-03
56 34  1.5005358067199e-16
60 34 -3.3185185185184e-01
68 34 -2.3407407407406e-01
120 34  9.9259259259255e-02
125 34 -1.5407407407407e-01
144 34  9.9259259259256e-02
28 35  2.1481481481481e-02
29 35 -4.5185185185187e-02
31 35 -8.1851851851853e-02
32 35 -6.5185185185185e-02
33 35  1.1259259259259e-01
35 35  2.9333333333333e-01
36 35  1.5000000000000e-02
45 35 -3.1111111111111e-02
48 35 -5.7962962962962e-02
49 35  1.4814814814814e-03
50 35 -1.1851851851850e-02
53 35  2.7777777777776e-02
54 35  2.3148148148147e-03
55 35  2.7777777777776e-02
56 35  1.7361111111110e-02
57 35  1.0370370370373e-02
58 35  2.1481481481481e-02
59 35 -4.5185185185184e-02
61 35 -8.1851851851849e-02
66 35  1.5000000000000e-02
67 35 -3.1111111111111e-02
70 35 -5.7962962962963e-02
118 35 -6.3888888888888e-03
119 35  1.3333333333333e-02
122 35  2.4537037037037e-02
123 35  8.1481481481479e-03
124 35 -1.1851851851852e-02
127 35 -4.0740740740740e-02
142 35 -6.3888888888887e-03
143 35  1.3333333333333e-02
146 35  2.4537037037036e-02
10 36  1.1203703703703e-02
11 36  6.6666666666662e-03
13 36 -3.0555555555554e-03
14 36 -5.7962962962961e-02
15 36 -3.1111111111110e-02
17 36  1.5000000000000e-02
18 36  3.0370370370370e-02
19 36  2.3703703703703e-02
22 36 -9.6296296296295e-03
23 36 -3.4518518518518e-01
24 36 -1.8962962962963e-01
27 36  9.0370370370370e-02
28 36  4.0740740740738e-02
29 36  1.1851851851850e-02
31 36 -8.1481481481479e-03
32 36 -5.7962962962960e-02
33 36 -3.1111111111109e-02
35 36  1.5000000000000e-02
36 36  7.9999999999999e-01
41 36  9.0205620750794e-17
42 36  2.3148148148148e-03
43 36  3.1225022567583e-17
44 36  5.5511151231258e-17
45 36  3.3185185185184e-01
48 36 -1.8370370370370e-01
49 36 -3.4518518518517e-01
50 36 -1.8962962962963e-01
53 36 -3.7383290907300e-16
54 36  2.3148148148147e-03
55 36 -7.4593109467003e-17
56 36 -1.9168694409544e-16
57 36  9.0370370370369e-02
58 36  1.1203703703703e-02
59 36  6.6666666666662e-03
61 36 -3.0555555555555e-03
66 36  3.0370370370369e-02
67 36  2.3703703703702e-02
70 36 -9.6296296296293e-03
94 36  1.1203703703703e-02
95 36  6.6666666666666e-03
98 36 -3.0555555555555e-03
99 36 -5.7962962962962e-02
100 36 -3.1111111111110e-02
103 36  1.5000000000000e-02
118 36  4.0740740740737e-02
119 36  1.1851851851850e-02
122 36 -8.1481481481472e-03
123 36 -5.7962962962961e-02
124 36 -3.1111111111110e-02
127 36  1.4999999999999e-02
142 36  1.1203703703703e-02
143 36  6.6666666666663e-03
146 36 -3.0555555555553e-03
1 37  2.7777777777777e-02
2 37  1.1111111111111e-01
3 37  1.3704315460217e-16
4 37  2.7777777777777e-02
5 37  3.7816971776294e-16
6 37  7.6327832942980e-16
7 37  1.6653345369377e-16
8 37 -4.4408920985006e-16
9 37 -3.8857805861880e-16
10 37  6.9444444444443e-03
11 37  2.7777777777777e-02
12 37 -3.4694469519536e-18
13 37  6.9444444444441e-03
18 37 -4.8572257327351e-17
19 37  1.9428902930940e-16
20 37 -1.6653345369377e-16
21 37 -2.2222222222222e-01
22 37  5.5511151231258e-17
37 37  0.0000000000000e+00
80 37 -2.7777777777778e-02
81 37 -1.1111111111111e-01
82 37 -1.2490009027033e-16
83 37  2.2204460492503e-16
84 37 -2.7777777777777e-02
94 37 -6.9444444444442e-03
95 37 -2.7777777777777e-02
97 37 -5.5555555555554e-02
98 37 -6.9444444444442e-03
1 38  2.3148148148147e-03
2 38  9.2592592592591e-03
3 38  9.5409791178724e-18
4 38  2.3148148148147e-03
5 38  9.2592592592589e-03
6 38  3.7037037037036e-02
7 38 -3.8163916471490e-17
8 38 -6.9388939039072e-17
9 38  9.2592592592589e-03
10 38  5.7870370370369e-04
11 38  2.3148148148147e-03
12 38 -8.6736173798840e-19
13 38  5.7870370370367e-04
18 38  2.3148148148147e-03
19 38  9.2592592592590e-03
20 38 -2.7755575615629e-17
21 38 -5.5555555555555e-02
22 38  2.3148148148147e-03
38 38  0.0000000000000e+00
80 38 -1.1574074074074e-02
81 38 -4.6296296296296e-02
82 38 -6.2450045135165e-17
83 38  1.1102230246252e-16
84 38 -1.1574074074074e-02
94 38 -2.8935185185184e-03
95 38 -1.1574074074074e-02
96 38  1.3877787807814e-17
97 38 -2.7777777777777e-02
98 38 -2.8935185185184e-03
1 39 -1.5525775109992e-16
2 39  5.5555555555555e-02
3 39  9.2592592592589e-03
4 39  2.7777777777777e-02
5 39  4.5102810375397e-17
6 39 -2.9143354396410e-16
7 39  3.7037037037036e-02
8 39 -3.8857805861880e-16
9 39 -1.6653345369377e-16
10 39 -1.8214596497756e-17
11 39  1.3888888888888e-02
12 39  2.3148148148147e-03
13 39  6.9444444444441e-03
19 39  1.1102230246252e-16
20 39  9.2592592592589e-03
21 39 -1.1111111111111e-01
39 39  0.0000000000000e+00
80 39  1.0755285551056e-16
81 39 -5.5555555555555e-02
82 39  9.2592592592589e-03
83 39  5.5511151231258e-17
84 39 -2.7777777777777e-02
94 39  2.4286128663675e-17
95 39 -1.3888888888888e-02
96 39  2.3148148148147e-03
97 39 -2.7777777777777e-02
98 39 -6.9444444444441e-03
1 40  3.4722222222221e-03
2 40  1.3888888888889e-02
3 40  1.5178830414797e-17
4 40  3.4722222222221e-03
5 40  1.0408340855861e-17
6 40  6.2450045135165e-17
7 40 -2.9490299091606e-17
8 40  3.7037037037036e-02
9 40 -2.7755575615629e-17
10 40  1.7361111111110e-03
11 40  6.9444444444442e-03
12 40 -8.6736173798840e-19
13 40  1.7361111111110e-03
18 40 -1.7347234759768e-17
19 40  1.3877787807814e-17
20 40 -2.4286128663675e-17
21 40 -4.6296296296296e-02
22 40  1.3877787807814e-17
40 40  0.0000000000000e+00
80 40 -3.4722222222221e-03
81 40 -1.3888888888889e-02
82 40 -1.0408340855861e-17
83 40  9.2592592592590e-03
84 40 -3.4722222222221e-03
94 40 -1.7361111111110e-03
95 40 -6.9444444444442e-03
96 40  1.0408340855861e-17
97 40 -1.1574074074074e-02
98 40 -1.7361111111111e-03
10 41  6.9444444444443e-03
11 41  2.7777777777777e-02
12 41 -8.8037216405823e-17
13 41  6.9444444444440e-03
14 41  2.7777777777777e-02
15 41  1.1111111111111e-01
16 41  1.2836953722228e-16
17 41  2.7777777777777e-02
18 41  7.8929918156945e-17
19 41  4.1633363423443e-16
20 41 -1.8388068845354e-16
21 41  2.2222222222222e-01
22 41 -3.4694469519536e-17
23 41  1.3877787807815e-16
24 41  6.6613381477509e-16
25 41  3.5388358909927e-16
26 41 -1.6653345369377e-16
27 41 -1.6653345369377e-16
28 41  6.9444444444443e-03
29 41  2.7777777777777e-02
30 41  5.8980598183211e-17
31 41  6.9444444444442e-03
36 41  9.0205620750794e-17
41 41  0.0000000000000e+00
45 41 -1.3877787807815e-16
46 41 -1.1102230246252e-16
47 41 -2.2222222222222e-01
48 41 -5.5511151231258e-17
94 41 -6.9444444444443e-03
95 41 -2.7777777777777e-02
96 41 -7.6327832942979e-17
97 41  5.5555555555554e-02
98 41 -6.9444444444442e-03
99 41 -2.7777777777777e-02
100 41 -1.1111111111111e-01
101 41 -9.7144514654701e-17
102 41  1.1102230246252e-16
103 41 -2.7777777777777e-02
118 41 -6.9444444444445e-03
119 41 -2.7777777777777e-02
120 41 -2.7755575615629e-17
121 41 -5.5555555555554e-02
122 41 -6.9444444444443e-03
10 42  5.7870370370368e-04
11 42  2.3148148148147e-03
12 42 -1.6263032587283e-18
13 42  5.7870370370366e-04
14 42  2.3148148148147e-03
15 42  9.2592592592591e-03
16 42  1.5612511283791e-17
17 42  2.3148148148147e-03
18 42  2.3148148148147e-03
19 42  9.2592592592589e-03
20 42 -3.9031278209478e-17
21 42  5.5555555555555e-02
22 42  2.3148148148147e-03
23 42  9.2592592592590e-03
24 42  3.7037037037036e-02
25 42  3.4694469519536e-17
26 42 -9.7144514654701e-17
27 42  9.2592592592589e-03
28 42  5.7870370370367e-04
29 42  2.3148148148148e-03
30 42  4.3368086899420e-18
31 42  5.7870370370366e-04
36 42  2.3148148148148e-03
42 42  0.0000000000000e+00
45 42  9.2592592592591e-03
46 42 -3.4694469519536e-17
47 42 -5.5555555555555e-02
48 42  2.3148148148148e-03
94 42 -2.8935185185184e-03
95 42 -1.1574074074074e-02
96 42 -3.1225022567583e-17
97 42  2.7777777777777e-02
98 42 -2.8935185185184e-03
99 42 -1.1574074074074e-02
100 42 -4.6296296296295e-02
101 42 -5.5511151231258e-17
102 42  5.5511151231258e-17
103 42 -1.1574074074074e-02
118 42 -2.8935185185185e-03
119 42 -1.1574074074074e-02
121 42 -2.7777777777777e-02
122 42 -2.8935185185184e-03
10 43 -6.5052130349130e-18
11 43  1.3888888888889e-02
12 43  2.3148148148147e-03
13 43  6.9444444444441e-03
14 43 -1.3877787807815e-16
15 43  5.5555555555555e-02
16 43  9.2592592592590e-03
17 43  2.7777777777776e-02
18 43 -4.7704895589362e-18
19 43  2.3939183968480e-16
20 43  9.2592592592587e-03
21 43  1.1111111111111e-01
22 43 -6.9388939039072e-18
23 43  1.7347234759768e-17
24 43  1.6653345369377e-16
25 43  3.7037037037036e-02
26 43 -1.3877787807815e-16
27 43  5.5511151231258e-17
28 43 -2.5153490401664e-17
29 43  1.3888888888889e-02
30 43  2.3148148148148e-03
31 43  6.9444444444442e-03
36 43  3.1225022567583e-17
43 43  0.0000000000000e+00
45 43 -5.5511151231258e-17
46 43  9.2592592592589e-03
47 43 -1.1111111111111e-01
48 43 -8.3266726846887e-17
94 43  2.3852447794681e-17
95 43 -1.3888888888888e-02
96 43  2.3148148148147e-03
97 43  2.7777777777777e-02
98 43 -6.9444444444442e-03
99 43  1.1969591984240e-16
100 43 -5.5555555555555e-02
101 43  9.2592592592590e-03
103 43 -2.7777777777777e-02
118 43  1.0408340855861e-17
119 43 -1.3888888888888e-02
120 43  2.3148148148148e-03
121 43 -2.7777777777777e-02
122 43 -6.9444444444442e-03
10 44  1.7361111111110e-03
11 44  6.9444444444443e-03
12 44 -8.8904578143811e-18
13 44  1.7361111111110e-03
14 44  1.0416666666666e-02
15 44  4.1666666666666e-02
16 44  7.4593109467003e-17
17 44  1.0416666666666e-02
18 44  4.9005938196345e-17
19 44  9.1940344226771e-17
20 44  6.0715321659188e-18
21 44  6.4814814814814e-02
22 44 -1.0408340855861e-17
23 44  2.2377932840101e-16
24 44 -4.8572257327351e-17
25 44  8.3266726846887e-17
26 44  3.7037037037036e-02
27 44 -1.1102230246252e-16
28 44  3.4722222222221e-03
29 44  1.3888888888889e-02
30 44  2.1684043449710e-17
31 44  3.4722222222221e-03
36 44  5.5511151231258e-17
44 44  0.0000000000000e+00
45 44  1.3877787807814e-17
46 44 -3.4694469519536e-17
47 44 -1.0185185185185e-01
48 44 -4.1633363423443e-17
94 44 -1.7361111111110e-03
95 44 -6.9444444444442e-03
96 44 -2.1684043449710e-17
97 44  1.6203703703703e-02
98 44 -1.7361111111110e-03
99 44 -1.0416666666666e-02
100 44 -4.1666666666666e-02
101 44 -6.9388939039072e-17
102 44  9.2592592592590e-03
103 44 -1.0416666666666e-02
118 44 -3.4722222222221e-03
119 44 -1.3888888888888e-02
120 44 -1.3877787807814e-17
121 44 -2.5462962962962e-02
122 44 -3.4722222222221e-03
10 45  6.6666666666664e-03
11 45  4.5925925925925e-02
13 45  6.6666666666665e-03
14 45 -3.1111111111110e-02
15 45 -2.3407407407406e-01
17 45 -3.1111111111111e-02
18 45  2.3703703703703e-02
19 45  1.3037037037037e-01
22 45  2.3703703703704e-02
23 45 -1.8962962962963e-01
24 45 -1.3985185185185e+00
27 45 -1.8962962962963e-01
28 45  1.1851851851850e-02
29 45  1.5407407407406e-01
31 45  1.1851851851853e-02
32 45 -3.1111111111109e-02
33 45 -2.3407407407406e-01
35 45 -3.1111111111111e-02
36 45  3.3185185185184e-01
41 45 -1.3877787807815e-16
42 45  9.2592592592591e-03
43 45 -5.5511151231258e-17
44 45  1.3877787807814e-17
45 45  3.1288888888888e+00
48 45  3.3185185185185e-01
49 45 -1.8962962962962e-01
50 45 -1.3985185185185e+00
53 45 -4.0592529337857e-16
54 45  9.2592592592588e-03
55 45 -1.1449174941447e-16
56 45 -2.2377932840101e-16
57 45 -1.8962962962963e-01
58 45  6.6666666666662e-03
59 45  4.5925925925923e-02
61 45  6.6666666666666e-03
66 45  2.3703703703703e-02
67 45  1.3037037037037e-01
70 45  2.3703703703703e-02
94 45  6.6666666666665e-03
95 45  4.5925925925926e-02
98 45  6.6666666666665e-03
99 45 -3.1111111111110e-02
100 45 -2.3407407407408e-01
103 45 -3.1111111111110e-02
118 45  1.1851851851851e-02
119 45  1.5407407407408e-01
122 45  1.1851851851850e-02
123 45 -3.1111111111111e-02
124 45 -2.3407407407408e-01
127 45 -3.1111111111109e-02
142 45  6.6666666666665e-03
143 45  4.5925925925926e-02
146 45  6.6666666666659e-03
12 46  4.5925925925925e-02
16 46 -2.3407407407406e-01
20 46  1.3037037037037e-01
25 46 -1.3985185185185e+00
30 46  1.5407407407406e-01
34 46 -2.3407407407406e-01
41 46 -1.1102230246252e-16
42 46 -3.4694469519536e-17
43 46  9.2592592592589e-03
44 46 -3.4694469519536e-17
46 46  3.1288888888888e+00
51 46 -1.3985185185185e+00
53 46 -5.2041704279304e-18
54 46  4.1633363423443e-17
55 46  9.2592592592590e-03
56 46  1.7347234759768e-18
60 46  4.5925925925923e-02
68 46  1.3037037037037e-01
96 46  4.5925925925926e-02
101 46 -2.3407407407408e-01
120 46  1.5407407407408e-01
125 46 -2.3407407407408e-01
144 46  4.5925925925926e-02
21 47  1.3037037037037e-01
26 47 -1.3985185185185e+00
41 47 -2.2222222222222e-01
42 47 -5.5555555555555e-02
43 47 -1.1111111111111e-01
44 47 -1.0185185185185e-01
47 47  3.1288888888888e+00
52 47 -1.3985185185185e+00
53 47  2.2222222222222e-01
54 47  5.5555555555555e-02
55 47  1.1111111111111e-01
56 47  1.2037037037037e-01
69 47  1.3037037037037e-01
97 47  4.5925925925926e-02
102 47 -2.3407407407408e-01
121 47  1.5407407407408e-01
126 47 -2.3407407407408e-01
145 47  4.5925925925926e-02
10 48 -3.0555555555556e-03
11 48  6.6666666666669e-03
13 48  1.1203703703704e-02
14 48  1.5000000000000e-02
15 48 -3.1111111111111e-02
17 48 -5.7962962962963e-02
18 48 -9.6296296296296e-03
19 48  2.3703703703704e-02
22 48  3.0370370370370e-02
23 48  9.0370370370367e-02
24 48 -1.8962962962962e-01
27 48 -3.4518518518518e-01
28 48 -8.1481481481477e-03
29 48  1.1851851851852e-02
31 48  4.0740740740740e-02
32 48  1.4999999999999e-02
33 48 -3.1111111111110e-02
35 48 -5.7962962962962e-02
36 48 -1.8370370370370e-01
41 48 -5.5511151231258e-17
42 48  2.3148148148148e-03
43 48 -8.3266726846887e-17
44 48 -4.1633363423443e-17
45 48  3.3185185185185e-01
48 48  7.9999999999997e-01
49 48  9.0370370370366e-02
50 48 -1.8962962962962e-01
53 48  2.5673907444457e-16
54 48  2.3148148148148e-03
55 48  2.1857515797308e-16
56 48  9.3675067702748e-17
57 48 -3.4518518518517e-01
58 48 -3.0555555555554e-03
59 48  6.6666666666665e-03
61 48  1.1203703703703e-02
66 48 -9.6296296296293e-03
67 48  2.3703703703703e-02
70 48  3.0370370370368e-02
94 48 -3.0555555555554e-03
95 48  6.6666666666663e-03
98 48  1.1203703703703e-02
99 48  1.5000000000000e-02
100 48 -3.1111111111110e-02
103 48 -5.7962962962961e-02
118 48 -8.1481481481471e-03
119 48  1.1851851851849e-02
122 48  4.0740740740736e-02
123 48  1.4999999999999e-02
124 48 -3.1111111111109e-02
127 48 -5.7962962962959e-02
142 48 -3.0555555555554e-03
143 48  6.6666666666661e-03
146 48  1.1203703703702e-02
28 49 -5.7962962962960e-02
29 49 -3.1111111111109e-02
31 49  1.5000000000000e-02
32 49  1.0370370370369e-02
33 49 -1.1851851851854e-02
35 49  1.4814814814814e-03
36 49 -3.4518518518517e-01
45 49 -1.8962962962962e-01
48 49  9.0370370370366e-02
49 49  1.0311111111111e+00
